numNodes 100
numEdges 500
53 88 1
43 27 5
99 46 10
40 7 3
82 56 1
89 91 3
32 77 4
60 40 3
66 77 5
51 84 4
24 88 3
84 30 1
80 28 8
82 19 7
34 100 2
7 89 2
19 72 10
92 83 9
36 1 6
41 51 1
6 26 8
10 9 9
92 41 8
19 22 6
5 7 5
46 65 5
77 83 9
36 26 1
87 62 1
14 54 1
24 11 6
73 20 7
51 63 9
8 81 2
83 86 10
9 31 5
76 8 7
14 95 3
34 81 6
7 94 1
29 69 1
25 41 2
33 91 4
81 50 4
54 32 1
33 93 2
77 68 1
4 33 5
8 18 8
25 24 3
95 53 2
27 29 2
30 13 5
43 93 4
88 46 8
19 78 2
32 7 1
4 10 3
18 69 10
17 93 6
10 39 8
23 65 8
24 94 10
20 88 4
66 27 1
95 97 10
16 28 6
56 31 5
80 1 5
21 69 7
86 78 5
55 100 1
52 76 6
61 47 3
14 12 2
16 6 8
96 73 8
81 28 10
28 59 10
42 80 1
1 65 8
97 72 10
58 23 7
63 36 5
8 1 9
79 17 4
98 12 9
45 92 6
75 71 5
56 13 6
6 13 10
86 9 1
17 18 6
75 81 1
79 40 3
47 70 9
73 67 10
71 64 4
48 90 4
84 97 8
99 55 2
31 92 1
33 60 8
10 34 10
70 64 1
83 63 10
63 87 9
55 57 4
90 56 5
95 40 1
13 90 7
94 72 8
36 5 7
96 66 2
35 36 6
18 70 8
17 84 4
87 38 2
20 27 9
46 22 10
17 34 10
45 79 3
13 15 9
91 62 5
3 96 2
30 65 1
19 82 6
94 20 4
25 92 2
15 37 3
45 5 8
64 50 9
58 14 5
57 56 6
21 58 1
72 39 8
44 57 9
99 50 10
44 26 1
16 41 8
8 85 4
38 100 3
46 57 8
20 13 4
55 85 3
37 56 2
84 99 8
64 50 10
64 93 5
6 60 7
33 20 1
69 57 2
1 54 1
51 73 5
4 79 10
18 67 5
19 51 6
29 66 7
88 81 1
24 87 1
1 71 10
61 39 6
25 92 1
45 42 3
29 97 3
98 14 9
75 85 1
2 13 9
78 100 9
98 23 5
30 23 8
29 36 6
36 12 9
96 56 10
80 84 8
94 34 2
23 60 8
5 61 10
53 38 1
34 87 5
100 17 10
37 97 7
65 33 8
83 80 3
95 60 8
2 5 3
75 79 2
32 84 2
53 88 1
73 73 10
20 73 8
89 61 4
45 25 8
12 60 10
86 54 1
43 7 5
38 34 4
39 17 7
53 70 6
55 94 9
44 13 3
53 1 3
59 45 10
48 8 9
17 93 4
97 88 2
82 25 5
45 15 2
43 67 1
80 22 4
90 17 7
72 22 9
67 80 4
86 27 3
16 96 6
51 92 3
92 25 9
19 21 3
10 15 10
22 95 3
27 36 1
45 8 2
64 26 3
79 63 2
1 30 7
68 80 10
22 23 5
100 41 7
93 2 2
52 75 8
36 54 3
36 50 2
10 13 9
14 43 1
97 96 10
23 15 9
45 37 4
91 36 6
57 28 10
90 31 4
69 66 9
32 54 9
5 15 3
4 28 8
64 25 3
6 99 9
26 95 5
69 85 1
57 94 8
46 35 9
61 4 6
30 87 9
100 91 3
82 46 3
59 10 9
83 67 9
22 92 4
48 13 10
58 69 5
96 14 10
16 74 5
1 55 1
40 54 1
44 88 7
76 98 8
36 33 6
95 6 7
48 53 9
89 11 9
24 58 2
93 73 8
69 25 4
79 64 10
31 60 7
29 87 6
88 23 8
13 17 3
30 64 8
10 4 10
59 27 7
72 71 1
11 39 5
5 17 1
4 48 10
42 76 8
77 64 10
97 28 6
69 57 1
98 19 5
37 29 3
33 100 4
5 63 2
50 67 1
62 70 10
33 63 7
90 39 10
70 35 10
17 56 8
80 53 6
46 42 6
38 74 8
53 31 10
7 80 6
77 41 7
98 25 9
94 14 9
6 35 4
45 4 1
92 83 5
10 80 6
55 69 2
52 22 2
11 28 3
88 56 5
34 5 9
94 98 2
93 3 9
78 99 2
70 91 4
14 100 3
100 6 3
63 10 4
4 20 3
28 60 10
92 45 4
80 39 2
33 83 6
21 12 7
12 81 7
37 94 8
41 45 5
14 7 4
59 62 6
32 89 5
11 80 1
47 11 1
80 96 3
67 16 6
53 80 6
81 68 2
60 9 8
45 74 5
38 32 8
55 15 7
79 78 8
100 24 9
10 55 6
55 21 3
62 74 2
98 54 2
31 66 2
8 10 5
44 99 8
42 54 5
80 84 2
97 83 7
77 45 1
52 51 1
95 12 6
68 61 10
9 91 7
62 51 6
36 46 4
46 39 7
70 70 1
23 19 5
99 95 1
29 99 1
31 45 5
7 64 5
88 25 8
34 86 10
89 74 5
94 19 6
53 40 5
95 62 3
71 12 10
92 40 8
14 70 4
48 28 7
95 15 3
32 48 9
71 36 2
7 82 2
82 34 3
79 28 4
41 98 7
50 41 8
9 55 7
64 54 5
83 48 1
25 31 9
53 53 6
6 12 7
77 45 10
39 23 9
14 64 9
100 65 9
77 26 5
76 89 1
2 71 10
42 96 1
82 48 5
58 6 6
14 82 1
56 73 3
76 86 8
94 38 3
5 66 8
21 93 6
43 94 9
13 88 4
65 69 3
69 78 8
85 44 2
97 99 4
79 26 1
29 72 10
91 28 6
30 48 8
57 91 4
55 55 3
100 19 3
45 87 1
42 23 4
25 19 4
28 50 9
21 78 2
50 20 9
97 49 9
37 57 1
70 64 5
94 63 3
86 59 1
8 53 4
21 77 2
36 57 3
77 77 10
88 78 9
27 75 9
17 63 8
97 84 1
31 77 5
35 62 4
25 70 6
38 42 2
22 78 10
54 54 6
16 93 6
44 71 2
25 87 4
62 35 7
62 17 3
28 51 6
1 28 7
26 17 9
80 38 8
89 44 3
27 59 7
42 54 8
35 30 6
38 91 1
24 4 7
38 32 10
65 32 7
62 10 3
52 41 3
71 29 6
43 55 6
59 48 1
98 82 1
24 71 1
84 46 7
60 83 10
39 48 3
97 61 2
20 12 2
84 82 3
39 76 9
56 86 7
26 84 10
26 7 1
69 90 6
67 1 9
96 92 8
8 88 10
82 59 1
95 42 4
37 32 1
86 87 8
34 65 1
63 90 9
63 10 10
9 76 1
89 71 4
68 31 1
7 12 2
9 6 3
44 95 5
6 80 3
