numNodes 1000
numEdges 5000
128 759 7
575 532 8
310 998 6
882 694 10
776 882 6
682 455 5
666 357 2
777 530 10
369 763 6
569 939 9
325 66 9
182 640 10
351 301 9
808 534 3
457 310 6
982 991 10
746 8 6
720 136 7
889 857 9
604 777 9
934 101 5
22 634 6
994 984 7
962 791 2
976 599 1
871 580 4
220 678 3
277 397 9
215 637 5
564 592 1
202 526 3
258 547 7
954 540 10
302 854 3
535 829 1
78 52 3
611 271 10
855 900 8
883 114 4
119 29 5
131 583 10
244 192 9
990 145 10
71 798 3
295 333 4
766 410 5
520 372 5
599 226 6
426 461 10
241 579 10
295 710 2
875 305 4
353 646 10
722 716 8
297 363 2
700 128 3
154 999 4
230 597 1
206 374 1
295 614 10
116 908 1
168 134 5
411 838 10
502 912 7
391 208 9
612 907 8
946 412 6
299 641 4
230 846 7
972 492 2
941 608 2
971 127 7
305 889 5
636 390 6
683 781 5
91 744 3
979 690 4
864 340 4
698 921 2
256 893 5
428 833 2
211 156 8
127 812 6
881 448 8
898 130 10
474 572 3
956 550 4
849 766 4
735 815 4
818 422 6
392 849 1
574 411 6
233 538 7
781 770 6
70 668 5
139 141 9
951 449 10
157 297 5
350 383 1
815 200 3
821 592 3
11 517 4
708 101 1
216 233 2
172 302 9
608 440 2
616 743 10
526 899 8
552 600 1
393 414 2
7 586 3
469 948 1
694 655 2
456 223 4
988 394 6
538 1 7
229 969 1
720 846 9
508 397 10
30 141 4
751 147 1
64 968 9
244 13 5
877 469 7
743 808 10
910 345 3
516 926 3
217 997 8
167 504 4
717 533 7
32 636 5
932 699 4
780 294 7
987 523 7
63 265 6
885 174 2
59 689 7
201 257 4
188 424 9
923 492 4
151 523 9
526 806 9
219 938 4
277 924 6
155 338 2
840 222 5
222 632 6
880 832 4
535 371 7
694 646 10
89 796 2
767 673 10
847 244 7
220 520 10
468 27 7
979 866 1
664 87 2
741 319 6
74 853 8
183 898 5
782 986 3
256 104 5
535 302 10
751 522 2
242 989 8
718 319 3
120 982 2
154 74 10
371 148 2
310 330 2
895 463 9
979 718 3
735 604 4
735 354 7
606 595 7
855 665 6
969 136 9
170 289 3
41 11 2
765 321 3
386 567 5
344 545 5
758 279 8
122 13 4
710 970 10
287 824 6
534 793 2
762 314 2
416 355 3
217 119 5
699 504 1
644 199 5
658 957 3
627 430 6
950 491 5
572 777 1
857 310 5
278 424 8
692 839 2
764 56 2
860 754 7
170 749 6
24 758 4
156 385 3
653 686 3
120 257 2
410 114 3
844 743 6
943 786 5
397 901 10
968 760 5
395 929 6
20 952 3
305 460 7
667 112 5
871 231 1
204 992 6
847 187 1
912 130 6
168 526 7
479 493 6
544 887 7
709 258 8
983 562 9
290 580 1
634 803 1
586 6 5
4 204 1
164 116 10
109 635 7
307 114 10
265 9 8
151 717 8
340 699 1
989 340 1
749 325 5
91 263 2
425 266 6
946 429 3
947 889 7
474 196 10
845 460 8
102 610 6
321 949 7
102 937 6
814 37 3
328 128 5
199 904 10
626 849 10
168 148 8
345 621 3
986 465 2
284 918 3
1 239 4
417 692 2
525 505 9
957 184 8
3 734 1
962 360 2
53 527 9
680 223 9
503 561 5
136 196 4
731 196 4
274 613 5
105 489 9
973 445 4
672 799 8
923 760 9
374 164 7
972 843 10
542 697 2
928 833 7
231 915 2
125 540 6
61 644 4
502 969 8
125 640 8
834 914 9
902 287 2
849 610 5
370 151 1
451 430 5
727 13 9
550 137 8
986 549 4
909 50 4
629 175 5
146 360 9
775 262 5
566 462 5
200 831 7
883 633 9
397 359 1
178 260 7
497 245 5
812 154 7
95 134 3
722 279 2
910 405 5
384 971 6
820 522 6
759 756 10
127 505 10
507 682 10
375 530 4
791 694 9
257 788 2
601 509 3
953 770 7
917 506 9
343 677 3
950 435 8
542 913 2
491 419 5
700 145 7
506 288 10
464 544 9
908 497 10
630 449 9
108 717 4
909 411 1
231 713 7
660 254 10
594 744 10
560 444 7
56 301 4
245 764 9
926 671 5
115 652 3
73 112 2
537 20 2
29 602 4
955 261 7
146 854 3
756 414 8
862 821 8
255 418 1
543 343 4
328 457 7
912 529 8
213 417 9
277 797 10
700 752 3
729 897 6
853 4 1
420 865 4
287 471 1
269 366 3
274 693 1
931 956 9
50 521 8
189 797 4
280 848 7
632 928 6
190 780 9
160 199 6
655 837 6
215 458 3
117 731 5
827 13 3
418 63 3
777 603 1
932 882 10
839 514 8
346 703 9
504 214 8
231 869 6
77 83 3
639 552 6
246 730 8
160 499 10
594 627 4
824 559 6
253 749 1
962 94 3
451 597 8
490 180 6
365 256 1
50 246 4
465 843 5
892 354 4
734 947 10
177 122 10
854 375 8
44 336 1
936 138 10
394 627 9
71 344 6
183 393 3
846 857 8
591 100 1
186 833 8
407 362 9
187 215 5
714 259 3
687 546 10
608 291 9
708 362 2
415 544 4
367 742 2
866 332 1
367 517 6
166 923 7
86 461 3
733 527 1
715 565 7
186 172 9
284 231 10
725 645 6
910 363 7
951 229 10
444 947 8
121 464 2
159 549 3
411 281 9
274 347 5
682 885 6
380 520 8
792 245 2
99 506 6
795 809 6
526 604 2
773 724 7
294 882 6
628 644 8
488 917 7
912 598 3
859 330 2
36 121 8
209 219 4
745 365 2
860 890 7
274 14 10
150 659 3
927 287 8
337 126 7
445 38 6
437 896 5
948 284 5
56 492 5
669 588 9
442 800 10
818 425 3
269 574 4
953 853 2
280 541 7
228 985 4
774 421 2
648 368 7
995 423 10
559 443 8
840 236 7
9 405 3
544 25 6
89 977 10
920 609 10
876 836 4
222 961 6
815 609 4
691 603 8
410 513 3
69 704 8
527 65 5
409 960 9
217 48 6
876 967 6
428 194 3
963 767 4
919 581 2
242 623 6
691 33 10
583 453 4
63 980 8
947 388 9
855 604 6
92 832 4
937 259 9
322 221 6
315 139 8
268 732 1
175 775 5
594 709 7
69 771 6
608 717 6
106 924 1
651 15 2
866 304 2
275 625 5
450 291 5
557 558 9
639 732 3
753 677 1
672 746 4
569 705 2
854 811 5
447 813 2
518 31 5
552 305 1
806 106 1
902 14 8
730 653 1
684 757 7
995 428 4
428 349 1
929 202 3
706 648 5
497 518 7
943 421 1
365 578 6
77 479 10
346 561 4
346 244 10
374 590 10
500 369 8
330 650 1
322 355 1
478 203 10
665 497 10
507 861 7
455 937 5
416 634 7
29 979 1
750 704 10
251 203 9
100 884 8
151 557 4
553 387 6
472 51 4
811 909 6
727 363 2
473 778 7
780 158 5
682 260 8
821 510 3
681 610 6
190 112 5
53 664 1
470 135 3
383 297 1
508 375 6
921 847 5
319 978 3
343 659 2
423 832 1
57 864 2
574 54 3
648 458 6
108 280 2
970 14 8
93 874 2
578 146 1
192 465 10
316 159 9
347 581 2
240 989 7
93 563 2
706 210 10
333 670 1
447 991 4
504 435 9
288 364 5
918 556 1
877 223 9
847 922 2
1000 513 10
17 605 4
438 662 4
669 995 5
179 441 5
55 296 10
803 583 3
49 852 10
111 81 5
980 279 6
133 279 10
922 647 4
626 84 6
891 105 2
825 283 4
101 689 1
812 844 4
887 892 7
868 3 9
72 334 8
549 466 8
538 739 4
132 364 9
739 606 3
692 782 8
85 235 6
125 46 9
100 932 1
279 800 5
537 223 8
426 772 5
593 309 3
758 792 9
7 882 4
359 573 8
346 657 2
22 134 7
892 585 1
302 863 2
418 752 6
867 177 7
781 770 8
434 527 1
154 885 3
127 244 5
586 941 4
927 314 9
666 206 3
336 859 8
509 277 9
904 495 5
423 276 6
250 61 5
220 214 9
424 692 4
849 278 5
634 556 8
552 221 5
406 908 4
123 416 2
591 672 8
588 94 5
353 695 5
997 266 10
878 690 4
1 538 3
65 523 10
795 74 1
81 479 10
874 954 8
647 896 9
267 483 4
161 188 8
468 536 3
987 413 2
902 414 1
446 478 3
546 624 8
866 705 9
797 930 2
144 929 7
162 195 2
625 355 9
134 822 4
557 161 7
20 62 10
373 860 9
247 405 5
547 622 9
325 418 10
408 562 8
386 75 2
847 52 9
847 185 10
31 93 2
979 113 6
340 837 5
178 83 9
344 629 10
862 305 9
662 712 10
741 450 7
15 296 8
643 495 2
444 525 5
406 855 9
781 194 7
15 371 9
653 715 10
264 928 4
644 941 8
586 34 7
602 48 4
669 690 8
272 133 2
616 538 8
776 318 1
772 684 4
203 688 10
262 303 7
977 947 10
404 532 3
280 133 10
156 801 1
173 424 5
67 40 3
814 167 2
755 291 8
418 493 5
147 754 8
155 730 4
104 486 7
438 117 9
819 272 1
889 445 4
796 511 5
240 676 2
1 430 2
150 199 6
635 345 1
774 852 10
859 307 7
475 745 4
223 915 5
475 804 1
798 599 3
865 190 9
98 190 8
621 692 7
636 326 3
756 451 6
957 309 3
644 783 7
799 357 1
225 831 6
96 980 6
828 196 5
236 293 7
426 913 8
814 900 5
898 7 5
834 964 3
76 959 7
414 109 3
666 333 3
722 780 4
79 608 10
626 195 2
714 620 7
493 433 8
949 331 5
503 164 10
717 591 10
65 4 8
417 669 10
951 742 2
464 173 9
525 798 3
879 863 5
497 355 9
14 303 1
538 157 6
729 225 6
878 641 9
135 57 10
77 359 1
798 174 5
478 699 4
1000 577 6
846 425 2
125 438 6
437 328 4
913 56 10
978 934 10
399 68 6
840 496 4
22 293 8
377 770 8
880 122 6
246 319 10
669 443 9
395 232 6
628 144 2
438 473 7
887 871 6
745 710 2
960 732 6
349 460 8
788 339 1
803 936 9
594 605 4
823 351 5
378 978 8
341 767 10
237 6 3
905 102 4
716 413 5
523 762 6
100 549 5
150 704 2
519 297 8
34 119 8
428 849 8
965 189 4
326 778 1
558 682 4
852 749 7
228 271 10
64 723 8
590 224 3
51 742 2
469 127 10
588 554 10
685 870 1
901 196 8
473 105 1
147 308 1
233 888 3
432 303 5
531 892 9
334 294 2
785 114 9
706 54 4
828 738 4
138 638 1
577 111 5
697 609 5
269 841 2
111 272 4
28 154 7
816 839 2
49 623 8
409 681 1
323 508 8
458 997 8
788 573 10
574 621 8
668 889 10
1 999 3
636 378 6
514 545 5
686 594 9
675 354 1
365 28 8
144 485 6
913 272 8
792 198 8
631 865 8
662 218 7
964 853 6
420 719 1
66 756 6
334 430 9
987 794 7
146 289 1
302 202 5
29 345 2
729 328 8
316 989 5
254 953 10
570 724 10
430 789 5
235 474 4
393 460 9
931 606 7
954 907 8
248 287 5
91 15 2
798 331 10
75 584 2
556 505 5
755 934 5
709 168 1
92 913 10
620 195 7
788 148 5
806 395 2
520 485 6
561 635 8
942 709 4
924 616 8
980 370 2
177 430 1
847 873 5
328 844 10
415 631 9
111 788 6
742 659 2
740 571 6
67 513 6
682 788 1
450 767 2
151 295 1
723 493 3
560 821 6
239 587 7
769 697 6
694 791 5
456 530 5
203 948 7
659 630 4
81 79 3
873 581 9
445 655 2
890 214 2
825 804 10
743 573 8
449 618 8
813 425 9
747 628 9
546 638 8
131 718 8
483 942 10
482 387 6
973 276 10
636 452 3
237 547 7
534 995 7
974 159 1
942 257 8
210 802 5
459 933 5
138 767 6
749 600 4
15 924 1
846 559 5
480 795 1
687 681 7
863 654 5
815 947 1
43 157 5
259 967 9
193 457 5
421 557 7
386 571 10
979 768 9
23 248 5
613 286 7
549 500 10
995 314 7
697 356 5
201 967 3
341 159 1
248 931 8
754 317 10
183 295 8
523 317 5
10 281 2
176 181 1
348 175 4
466 223 2
740 424 8
684 116 8
85 363 9
42 468 5
273 651 1
920 525 9
166 886 1
697 62 1
727 761 7
423 226 9
826 317 4
195 1000 2
722 84 4
180 477 2
306 750 4
78 21 8
166 187 4
886 235 7
138 962 9
564 736 4
565 561 10
340 755 9
231 828 5
837 360 1
558 665 2
633 95 3
232 260 1
365 498 5
263 635 8
921 551 3
156 467 5
355 806 1
906 389 1
540 225 10
2 134 6
566 766 10
798 997 10
920 714 9
924 328 3
594 601 5
998 756 1
963 111 9
385 368 9
635 907 3
244 260 8
870 825 5
941 622 1
920 893 6
748 169 6
563 762 6
927 759 1
110 73 3
98 458 10
178 444 8
482 40 8
919 261 2
473 201 6
375 473 8
343 572 8
638 134 9
533 413 8
535 522 10
1000 971 9
479 148 5
569 629 4
918 899 4
739 371 6
886 97 8
926 439 10
133 76 5
102 960 7
181 495 10
332 494 2
293 324 1
697 892 9
140 809 9
195 900 9
802 785 8
530 62 6
181 195 4
965 648 3
514 180 7
935 511 2
327 803 6
217 851 9
88 342 8
856 888 9
347 690 5
934 219 7
311 751 3
116 67 10
881 932 1
787 867 1
891 545 6
966 761 8
284 200 10
763 56 7
141 754 6
656 39 6
584 701 8
706 817 5
827 697 6
127 835 4
289 725 8
606 42 1
774 326 2
283 88 9
31 581 2
469 588 2
124 171 3
882 228 1
58 54 9
165 532 3
139 820 10
8 778 1
990 551 8
172 185 6
760 215 8
454 35 5
185 159 7
617 392 4
217 801 9
865 965 10
700 455 1
259 815 8
211 804 10
489 327 4
206 87 1
503 540 5
739 76 5
145 693 8
778 261 8
816 126 5
737 177 1
829 787 5
347 997 1
118 837 9
74 42 7
244 896 8
800 634 4
867 778 6
324 907 6
934 74 3
860 810 9
240 639 7
787 337 6
489 806 2
517 879 6
984 474 3
341 274 7
774 492 6
251 167 3
989 100 6
203 311 8
594 551 8
770 689 6
295 177 1
9 45 10
764 380 3
766 73 8
754 198 9
520 449 6
544 789 7
641 991 8
548 584 10
445 354 10
30 1000 6
773 8 2
42 123 4
136 889 6
856 994 3
66 865 3
443 408 1
272 49 4
59 596 7
100 393 2
829 774 2
86 546 9
387 939 2
772 427 2
877 282 5
532 699 10
634 142 9
877 413 7
110 823 5
278 922 9
800 102 2
321 187 10
201 925 8
852 697 6
95 573 9
332 104 8
433 90 1
941 966 5
850 427 7
706 704 10
306 855 1
327 175 7
598 376 3
808 579 9
443 26 4
712 357 7
31 789 8
491 81 5
715 282 1
113 339 7
432 644 1
852 323 8
810 920 5
692 727 5
623 170 10
126 233 8
84 263 8
132 105 9
496 819 2
639 931 1
837 714 4
889 565 6
116 726 6
70 769 4
307 391 5
216 516 7
186 952 1
943 83 5
781 930 3
605 920 5
415 756 8
868 997 4
644 112 9
691 534 10
464 840 10
759 407 8
637 592 9
778 535 3
374 667 4
789 271 4
133 37 1
543 905 7
516 900 1
567 942 6
738 405 7
299 515 3
728 504 7
108 633 3
570 6 1
666 146 4
329 631 10
451 173 6
570 40 5
800 958 6
915 695 3
573 994 9
285 721 4
293 829 6
187 750 4
100 415 1
283 95 1
854 546 3
330 467 5
56 266 2
724 532 9
796 104 2
86 740 4
232 385 4
9 571 6
792 22 10
73 304 5
335 158 2
418 839 10
244 894 5
675 617 8
505 764 3
328 202 4
872 433 8
947 441 1
772 585 2
12 9 8
698 343 7
281 112 5
330 355 8
996 382 5
545 886 10
197 214 1
940 437 3
420 383 4
470 155 10
541 518 8
620 567 10
856 199 2
930 880 6
898 227 9
834 771 5
533 967 8
434 258 4
118 677 8
243 146 2
952 39 1
669 658 9
81 514 9
252 795 8
129 692 4
388 877 4
884 762 2
241 195 2
386 664 8
913 907 6
947 858 6
849 879 5
318 959 10
336 562 5
586 42 8
709 781 5
955 664 6
166 256 2
987 641 7
837 554 3
832 852 3
569 700 3
963 369 3
223 57 4
277 642 7
374 350 8
700 656 3
787 174 9
420 512 9
717 348 4
271 531 5
35 99 7
677 62 5
981 636 1
846 912 2
753 637 4
792 689 1
494 475 4
452 247 6
403 315 5
906 585 6
613 972 6
371 648 9
497 981 4
328 826 7
151 578 6
676 369 4
857 863 10
562 666 8
779 68 2
344 326 9
439 290 10
336 12 9
295 508 9
240 187 5
449 338 2
294 365 3
179 573 7
538 135 2
848 913 2
119 608 9
327 398 8
506 734 9
685 380 8
195 619 5
179 67 4
93 712 8
375 890 3
223 780 9
384 627 3
317 745 1
575 424 8
474 281 3
384 317 2
802 512 3
758 42 1
51 134 3
708 508 2
642 82 3
710 818 9
43 134 6
983 61 1
672 886 1
95 622 10
248 775 1
20 532 2
211 582 6
465 641 5
256 283 7
531 992 4
431 386 9
428 720 9
848 392 7
901 838 8
270 85 2
150 457 3
423 667 6
830 131 6
97 738 10
445 268 4
610 51 9
908 478 9
619 326 2
567 578 1
784 847 5
127 348 1
649 770 9
456 952 9
903 48 9
633 492 8
706 453 8
516 360 6
694 330 3
967 896 10
77 31 8
624 157 5
274 157 6
295 612 7
445 515 6
333 147 9
193 204 1
750 719 3
137 765 4
201 731 10
842 160 10
329 783 9
515 408 5
471 702 7
729 147 1
387 831 9
535 23 2
136 125 10
800 613 4
793 166 7
682 7 6
954 688 8
382 554 5
966 376 9
514 105 7
576 491 7
784 377 2
547 864 6
677 663 10
922 456 5
898 489 4
33 794 3
302 527 6
979 845 4
709 358 10
585 286 2
291 69 8
372 616 2
929 644 6
451 917 3
137 815 2
830 199 7
914 853 4
552 183 10
565 891 9
34 475 4
345 117 5
384 841 10
935 121 5
853 571 1
225 708 7
86 889 8
445 803 2
330 706 4
59 270 4
497 655 10
221 351 8
365 734 8
476 21 9
582 873 1
604 449 8
793 887 9
180 331 1
123 660 8
896 718 9
911 566 3
752 786 5
709 502 8
859 977 10
777 910 4
969 514 3
517 306 9
657 837 1
599 311 10
246 558 9
514 820 4
436 571 10
412 631 3
121 489 2
851 617 1
156 586 4
910 454 1
550 110 9
520 708 9
149 953 6
847 466 5
111 253 7
512 664 8
414 136 6
645 986 3
138 494 10
143 403 3
454 953 4
304 824 1
113 973 3
830 171 10
15 633 4
473 496 9
210 262 4
788 258 2
982 395 7
761 538 9
993 343 3
686 646 7
438 110 1
142 940 1
663 306 6
436 130 1
576 340 2
499 127 10
112 108 6
218 220 3
79 564 5
243 601 3
879 38 4
191 179 3
674 193 10
789 628 10
399 555 1
623 405 9
104 517 8
979 86 7
392 164 10
498 759 10
602 637 9
816 180 9
320 853 1
482 641 10
773 391 4
403 13 8
511 468 6
78 447 2
216 838 7
565 687 5
866 289 4
204 456 3
72 775 5
132 256 7
171 380 7
116 782 2
113 644 9
979 73 5
282 288 4
748 204 3
325 421 1
538 624 8
930 47 2
526 178 10
762 700 1
740 167 3
731 280 8
542 610 3
798 891 2
892 990 6
24 314 6
796 851 2
23 132 8
376 657 8
337 770 9
678 510 6
152 592 5
621 485 6
163 283 6
345 174 5
82 549 9
887 696 1
20 70 3
848 797 1
205 134 1
965 163 2
540 666 5
746 286 10
561 449 2
618 793 7
665 874 7
25 112 2
235 132 1
929 979 7
280 535 2
752 851 6
85 391 1
361 136 7
770 49 5
813 666 9
381 330 4
849 706 5
660 941 8
892 869 8
921 500 2
434 603 5
110 687 5
802 48 2
428 169 2
854 334 8
424 66 9
867 915 5
774 926 7
811 170 7
179 442 7
432 875 9
536 336 8
382 138 7
364 917 7
745 123 2
144 546 10
225 413 6
11 538 1
737 348 2
683 526 3
481 310 10
530 845 5
969 227 4
807 942 3
813 686 5
505 182 10
966 406 4
341 416 1
641 504 1
463 186 6
77 667 7
566 548 2
743 868 10
56 674 1
638 486 8
342 342 9
944 307 6
309 647 1
212 640 4
462 454 2
589 530 10
26 448 9
659 190 6
518 245 9
670 235 6
507 928 10
878 223 8
653 532 7
844 743 6
889 204 1
472 144 2
721 169 9
869 827 10
236 696 7
276 365 1
154 872 10
373 101 3
602 753 6
478 948 8
345 189 3
17 660 6
219 733 7
219 953 5
409 189 1
195 816 5
215 969 8
866 693 8
388 295 1
793 124 10
292 469 8
346 485 8
544 55 10
910 274 4
454 682 2
46 876 8
3 442 8
830 307 1
110 47 5
142 191 10
121 483 10
641 828 7
468 371 1
379 632 4
242 438 7
646 483 4
865 485 7
52 667 6
932 776 2
458 269 2
108 389 6
577 29 4
883 848 6
596 578 8
581 172 5
248 817 9
493 681 4
180 732 10
525 16 7
268 473 5
849 932 5
265 509 6
860 743 3
177 338 3
774 271 4
160 518 2
381 10 2
734 541 5
105 417 2
603 684 5
369 885 8
523 501 6
58 360 1
793 536 10
105 662 10
940 173 9
591 553 1
274 638 1
40 94 8
822 696 1
76 64 5
613 939 7
11 348 6
503 140 4
332 596 7
784 535 9
752 125 2
82 398 1
305 438 5
944 259 2
914 686 8
121 650 6
827 12 5
245 866 5
550 198 10
516 333 5
654 436 1
697 870 1
730 174 8
504 117 8
677 382 5
266 854 6
793 33 8
668 629 3
682 178 2
643 693 6
787 698 2
760 747 1
130 476 6
289 331 4
58 7 5
512 273 1
319 417 5
138 84 3
823 765 10
56 760 4
622 898 3
975 657 9
845 786 4
592 426 4
455 483 3
51 346 7
501 665 3
687 154 9
149 976 5
140 32 4
823 5 2
556 979 8
386 175 6
340 118 1
975 572 4
969 622 9
235 475 5
270 161 9
388 662 6
622 801 9
616 976 5
507 883 3
406 268 9
91 959 6
202 934 9
147 902 3
437 489 9
392 758 1
852 497 2
639 470 5
458 85 10
632 943 4
137 349 1
167 439 10
315 992 5
33 138 8
77 575 6
595 318 5
626 521 3
317 159 3
161 968 9
332 600 2
385 88 2
58 606 2
689 920 4
253 305 1
422 381 7
728 328 4
494 953 4
757 621 5
841 134 2
9 817 3
120 202 10
283 259 8
885 299 7
830 551 3
560 972 4
569 51 3
542 897 7
388 653 7
392 493 2
715 853 9
638 325 10
999 607 10
966 491 8
853 320 10
395 232 3
670 152 6
624 45 2
530 432 6
409 175 10
420 890 2
248 879 6
629 877 5
620 843 5
909 47 7
100 793 10
615 815 3
180 438 7
993 320 1
810 728 5
119 147 6
632 747 4
470 727 3
914 347 5
200 255 3
158 707 5
347 321 1
39 852 1
128 844 10
648 653 7
342 123 5
630 754 1
795 575 8
837 488 6
73 688 2
707 845 8
134 544 8
374 934 1
404 61 4
753 708 8
181 402 2
756 383 8
76 177 2
475 366 10
220 790 7
572 497 3
629 982 6
359 355 10
939 111 2
715 215 10
494 396 3
396 151 5
403 578 1
336 53 8
405 272 8
513 195 6
818 176 7
313 534 3
94 824 5
936 890 10
837 384 5
139 131 7
823 885 4
35 220 8
965 977 10
332 841 6
899 658 1
447 323 6
349 416 10
714 703 9
645 891 4
619 381 4
447 555 8
500 590 8
310 554 6
391 237 6
666 487 4
117 933 6
452 633 3
963 698 8
364 342 8
147 312 1
61 758 5
210 610 4
579 919 9
924 309 7
110 326 5
305 442 7
470 246 2
402 208 9
741 571 3
971 718 4
581 130 4
745 691 5
851 270 5
509 545 5
108 654 10
192 958 2
561 779 7
562 533 6
612 273 7
4 243 6
60 823 7
225 920 7
351 770 8
395 630 3
99 737 8
480 281 8
951 841 8
19 754 10
295 365 5
493 721 9
408 132 4
156 356 3
594 58 2
302 452 1
906 902 10
163 381 10
82 684 2
780 702 5
9 348 1
215 192 3
664 951 4
639 106 1
181 700 8
492 353 1
784 258 2
813 420 5
474 502 8
975 633 1
229 993 1
552 208 2
594 223 3
768 861 10
1000 393 9
938 884 1
678 19 8
672 184 10
46 657 3
455 632 5
565 212 7
727 763 6
729 357 8
681 476 10
442 475 2
551 412 7
363 442 8
433 465 1
274 862 7
616 316 8
942 232 10
908 959 4
786 39 10
885 71 7
845 512 2
548 414 5
487 777 8
444 561 2
584 834 5
380 449 2
160 742 4
151 1 4
904 786 2
366 671 2
302 867 3
65 766 9
240 252 5
207 47 5
991 630 10
635 362 8
299 521 9
842 671 1
47 926 7
938 291 9
251 945 7
75 9 2
313 600 6
679 807 2
605 149 2
364 135 3
923 433 5
223 626 7
524 672 2
610 961 5
70 563 1
396 638 9
487 302 9
182 981 7
924 937 5
647 301 1
731 223 4
335 798 9
313 321 3
216 282 5
410 351 8
900 746 7
751 232 8
201 766 10
457 41 7
213 687 9
103 417 3
778 103 10
79 767 10
51 982 1
335 744 3
534 995 8
370 745 2
860 945 7
681 753 7
87 965 5
497 420 3
130 197 7
559 627 3
661 677 4
43 364 7
776 249 2
605 619 8
666 478 5
844 158 7
62 597 4
966 445 3
990 574 1
116 485 8
8 497 6
234 539 1
202 666 10
165 271 10
873 288 7
877 132 6
985 193 4
58 511 9
902 500 4
943 968 10
962 327 6
657 560 7
420 114 2
79 278 4
708 502 2
166 730 3
133 715 7
49 124 7
57 26 9
342 968 6
112 281 4
377 289 6
885 708 9
707 138 6
150 197 10
233 714 9
95 847 3
502 895 7
770 303 4
538 644 1
625 107 3
391 836 1
716 720 9
154 778 6
221 280 5
790 512 8
89 607 4
453 460 10
941 229 4
454 119 8
286 95 6
398 485 1
799 552 1
259 705 10
856 278 9
650 419 1
510 507 9
863 312 8
815 604 8
68 58 8
317 695 5
673 445 1
863 595 3
125 853 9
517 60 8
835 710 7
17 219 5
805 433 6
404 599 2
584 667 1
881 335 5
977 7 9
910 222 3
42 698 7
582 214 7
400 401 8
636 417 8
82 574 2
840 977 3
201 560 1
971 793 5
435 121 4
696 30 5
550 423 4
257 357 10
375 108 10
554 95 8
303 176 3
484 15 10
968 215 1
118 185 5
603 972 8
446 667 7
862 568 2
327 824 8
6 550 7
437 455 1
637 757 6
409 593 1
510 560 7
523 678 4
327 280 5
956 77 3
263 290 10
696 616 6
485 974 5
381 762 10
371 750 8
888 511 10
68 20 10
167 542 7
450 221 8
704 176 6
328 790 7
167 837 4
182 321 9
99 53 1
118 423 2
245 311 2
317 730 4
596 896 7
904 697 7
843 752 5
210 79 6
866 246 5
489 427 5
438 525 8
500 994 2
663 591 4
985 907 4
30 854 1
616 109 8
775 951 9
461 160 10
936 377 5
952 217 3
289 654 10
326 505 3
489 520 5
963 856 1
518 885 6
968 500 4
467 626 4
718 86 5
47 374 1
973 325 8
325 613 3
554 290 10
129 779 9
293 93 4
364 610 10
991 929 9
375 748 5
708 817 2
905 215 5
125 187 2
914 863 4
709 417 4
8 545 4
826 189 8
851 904 9
760 895 7
520 269 6
906 976 2
378 232 8
574 357 4
95 622 7
229 330 5
4 337 1
909 514 9
906 716 3
864 475 7
102 347 5
440 252 2
593 981 4
961 907 2
514 1 5
282 581 5
466 584 3
546 844 7
815 101 2
987 964 9
405 418 7
91 857 10
104 801 1
997 761 9
950 627 9
525 908 10
781 374 5
373 271 1
479 85 1
653 423 5
653 179 4
351 269 2
300 373 2
582 721 5
770 23 1
959 547 8
80 327 3
136 51 6
36 882 2
37 886 7
353 538 5
438 240 4
379 539 8
472 121 10
326 242 2
158 552 10
546 631 8
10 767 9
97 154 10
269 190 5
215 894 4
339 331 3
84 709 1
553 533 3
743 858 7
954 16 8
64 913 9
851 274 7
689 371 2
760 639 4
364 205 7
857 543 8
941 979 8
564 531 10
658 625 10
994 579 7
882 642 1
752 844 4
740 885 6
881 644 6
564 8 10
493 216 5
400 509 5
719 72 7
571 729 2
280 723 10
708 956 3
48 707 6
13 798 2
701 678 6
26 594 5
908 86 2
684 837 10
438 555 1
74 477 2
335 108 6
526 815 1
358 214 9
386 227 6
297 279 5
852 304 8
118 563 5
600 246 3
589 35 10
2 109 6
495 795 4
710 321 8
880 30 4
108 415 10
485 712 8
539 915 3
539 33 8
623 632 3
248 572 10
427 925 10
82 419 4
197 480 6
127 359 6
270 818 2
991 654 3
638 193 10
292 731 2
509 705 5
324 952 8
173 730 3
482 812 3
937 360 3
713 486 3
870 755 3
441 745 6
76 734 8
625 26 10
558 886 7
122 561 10
961 733 10
373 566 3
908 855 2
570 919 10
942 788 4
484 228 9
680 655 2
419 279 9
241 188 7
767 661 7
948 622 2
859 346 7
581 253 1
15 174 9
934 116 8
959 951 8
729 982 2
233 753 3
761 993 10
879 111 1
206 58 2
617 917 7
945 849 2
128 215 5
228 500 2
116 459 5
583 187 6
56 419 10
808 532 2
748 762 4
348 967 2
921 935 10
839 880 10
10 7 5
707 234 6
518 701 4
984 283 3
432 339 3
631 498 6
175 245 8
828 944 6
539 216 1
870 55 10
50 416 8
796 122 3
41 992 4
97 975 8
691 406 8
55 389 6
951 563 2
960 390 8
935 281 3
845 150 7
986 551 3
133 698 6
218 91 7
651 187 4
70 229 9
828 283 9
435 233 1
286 192 1
433 479 1
148 323 2
564 661 5
748 145 2
54 362 4
350 364 10
973 434 8
354 613 3
122 399 5
805 36 9
525 821 7
877 968 1
730 531 3
486 279 8
940 332 9
483 33 5
565 358 10
874 711 4
466 184 2
643 340 7
11 864 7
209 92 4
81 174 7
614 659 5
291 598 8
681 433 10
787 997 7
326 870 9
829 688 5
82 330 6
19 692 2
127 900 3
851 332 8
457 945 7
693 587 6
612 620 10
211 406 6
520 84 8
890 264 5
796 346 6
42 364 7
503 490 6
407 692 9
485 500 6
573 544 2
610 155 3
80 718 9
897 589 4
936 830 7
662 626 2
717 19 5
463 873 7
460 631 10
789 467 10
414 391 3
977 1 8
160 432 5
100 680 3
123 968 2
409 629 9
393 698 9
739 512 3
575 972 4
455 112 2
186 877 3
108 853 5
537 364 8
683 463 9
417 937 6
981 698 7
521 90 4
432 828 5
214 403 8
979 209 9
211 746 5
833 205 10
807 742 3
916 776 6
704 545 4
460 525 1
548 397 10
981 828 8
277 42 2
897 20 2
627 582 7
882 414 1
693 572 4
515 487 2
152 191 6
726 2 2
996 549 8
356 881 8
895 509 9
836 405 10
689 32 2
935 265 7
737 957 9
633 823 7
304 975 9
871 52 10
962 399 10
801 754 10
468 1000 1
528 187 7
608 875 10
621 809 4
47 546 2
397 178 5
234 833 1
612 703 2
344 664 10
623 816 6
135 284 7
507 811 4
283 770 8
443 742 9
218 141 6
950 537 5
856 122 7
736 86 9
19 781 4
700 403 1
487 889 4
274 395 7
247 30 8
446 472 10
454 689 2
359 990 10
793 845 2
411 932 9
731 950 9
714 2 3
865 488 4
650 761 8
598 359 9
316 805 10
127 610 1
78 969 10
917 113 7
230 524 8
628 254 10
158 320 1
443 536 8
616 185 1
535 783 9
484 450 5
255 576 5
715 653 3
517 569 5
163 151 10
92 778 4
971 288 3
851 730 8
219 345 4
51 231 8
889 714 9
884 969 4
840 35 8
412 903 9
448 65 9
360 157 8
173 479 5
657 330 6
676 900 2
231 950 3
569 190 8
707 73 8
773 264 3
490 675 5
128 475 2
268 834 10
186 358 8
742 14 9
28 41 8
9 271 9
573 839 9
851 898 3
448 22 7
432 511 3
319 991 7
622 610 2
433 795 1
722 889 4
341 916 4
210 276 5
29 201 5
37 51 4
469 850 5
165 282 8
888 952 10
436 573 9
170 5 6
260 726 4
716 418 1
211 628 6
977 656 6
934 44 8
787 864 10
14 381 1
103 620 4
182 55 6
222 576 2
57 836 9
780 903 7
122 113 4
388 90 1
205 23 6
425 161 9
494 174 1
196 628 10
849 809 7
74 31 2
7 439 9
665 571 1
741 692 6
796 431 5
858 636 9
315 412 1
636 905 7
336 100 4
656 948 3
382 373 5
35 379 5
876 395 5
618 488 9
473 283 9
769 493 6
87 807 7
270 442 3
626 778 2
609 785 1
401 518 5
927 904 5
892 779 10
778 397 7
356 869 1
365 638 3
712 76 2
119 345 3
781 970 2
895 579 8
307 331 7
92 610 1
958 501 9
867 278 7
615 634 8
646 350 7
520 61 2
201 531 9
676 664 10
279 558 10
19 216 3
275 307 2
435 265 2
726 483 1
412 98 6
319 95 5
215 966 6
539 519 6
559 194 9
548 824 8
820 842 4
422 469 2
633 903 8
696 980 3
36 744 10
714 414 6
388 981 1
475 871 9
93 429 4
373 328 10
563 147 3
616 920 1
679 552 6
7 599 5
169 987 8
780 700 2
837 439 4
859 914 4
400 6 2
485 730 1
394 292 8
497 259 7
67 938 1
892 296 1
49 816 7
596 947 8
909 783 7
554 993 10
717 392 7
660 877 8
931 622 10
700 118 10
388 537 7
628 780 4
171 828 1
347 776 7
575 36 1
593 590 4
172 306 7
460 966 5
477 248 7
138 947 6
58 334 4
266 314 4
122 484 3
792 830 8
761 756 4
511 348 3
606 871 10
445 682 7
159 511 4
847 648 10
5 705 4
698 323 9
523 444 2
176 235 3
603 995 1
418 858 8
470 463 1
532 259 4
558 418 4
832 616 2
403 620 8
308 670 2
526 192 5
227 719 2
110 674 8
100 91 7
789 913 2
701 444 10
295 353 7
750 536 5
853 939 6
661 246 5
494 124 9
771 702 9
282 811 2
491 262 3
558 403 7
439 455 10
578 101 2
487 851 10
363 703 8
858 715 5
375 209 8
83 979 10
213 612 2
665 102 6
559 11 8
365 449 2
966 379 3
919 217 5
408 579 7
835 436 4
212 810 2
711 244 2
912 809 5
924 473 8
901 31 9
280 747 9
113 712 9
47 630 5
831 38 3
670 224 1
223 787 2
336 498 8
779 409 6
833 684 10
340 584 10
858 215 8
529 328 9
577 374 10
842 205 9
36 226 5
18 448 1
162 783 8
549 561 9
96 745 2
115 84 8
516 294 2
663 822 9
873 750 5
712 591 1
941 979 6
745 996 3
335 509 7
775 57 9
623 504 3
506 618 8
973 485 1
7 147 4
15 19 4
101 83 6
391 375 6
906 119 4
220 805 2
668 931 9
676 553 2
780 59 2
320 383 6
800 389 5
806 756 3
561 856 7
906 247 1
582 504 1
605 724 6
136 391 6
76 419 1
520 550 1
933 869 3
478 21 2
522 826 7
937 386 2
785 643 10
656 576 4
996 180 7
493 668 9
921 95 9
253 966 9
643 898 9
415 728 9
928 601 6
844 889 3
968 26 6
337 681 1
562 28 3
510 873 2
849 793 8
957 397 6
967 39 5
846 805 2
744 733 5
172 928 5
984 247 10
439 936 2
822 497 2
736 7 4
317 207 8
696 515 4
41 482 2
636 679 8
309 774 10
935 945 10
450 929 6
341 719 3
265 540 10
216 275 8
39 943 4
6 639 8
721 679 1
474 666 9
31 975 3
673 909 7
594 710 7
761 403 6
864 667 7
463 882 4
772 272 6
935 629 6
964 349 7
475 174 4
15 204 8
329 228 9
588 821 10
774 582 2
31 445 10
180 259 1
603 30 4
320 316 2
28 631 2
414 457 5
817 472 1
547 152 8
537 739 1
236 513 2
690 895 8
809 74 8
162 676 9
785 348 4
389 375 6
340 140 3
465 308 6
145 854 7
404 742 6
484 330 10
497 19 4
954 179 10
21 692 7
469 829 4
584 217 10
330 908 9
884 724 7
909 220 2
85 624 4
352 107 5
131 604 5
157 909 3
608 282 7
734 102 5
208 686 3
759 367 10
98 602 4
96 510 3
947 946 6
892 650 5
166 132 10
162 288 10
985 247 1
851 981 3
897 540 10
159 298 8
328 747 9
221 842 10
686 141 5
421 32 4
967 550 6
468 711 5
878 47 4
568 249 4
712 145 5
541 655 2
440 983 9
588 555 2
597 240 2
904 13 4
507 331 5
594 799 7
321 676 6
294 243 4
599 307 1
443 847 5
936 639 7
176 226 4
258 823 5
479 726 7
84 584 8
238 530 6
807 202 3
422 847 7
285 445 3
997 887 2
12 174 10
360 350 5
615 607 9
110 85 6
616 169 2
805 758 3
440 564 4
454 337 10
711 974 6
273 970 2
34 981 7
433 693 6
410 307 2
560 416 9
436 384 7
599 188 6
291 980 10
184 433 8
275 143 1
810 768 1
583 801 3
529 586 7
825 347 4
78 906 1
416 693 6
922 291 4
890 581 5
421 116 9
288 390 4
129 199 1
291 133 1
433 662 8
620 838 4
465 915 2
77 331 4
73 604 5
608 493 5
474 913 1
772 553 2
565 681 3
125 971 5
838 755 8
487 726 5
483 190 10
384 619 2
977 691 5
213 650 10
30 123 4
610 894 6
283 811 8
155 287 8
160 476 5
529 963 10
384 797 2
153 180 10
956 508 10
10 721 9
909 750 3
425 711 6
140 993 8
888 500 5
957 11 10
781 539 4
331 922 10
422 426 1
483 381 9
882 743 1
282 3 2
156 427 2
571 567 6
501 806 5
365 762 7
56 895 6
710 225 9
511 998 7
492 832 7
332 65 1
892 346 4
553 501 2
276 423 10
343 275 5
910 639 9
486 47 3
953 108 9
342 618 8
508 461 9
406 792 3
47 35 10
42 587 2
463 214 4
803 557 1
299 466 9
557 303 7
61 256 4
789 949 4
866 456 4
126 861 8
98 259 2
767 300 1
288 115 4
584 269 2
154 919 9
714 828 2
673 888 9
386 29 7
421 246 2
917 372 4
204 821 3
877 588 4
137 227 10
611 162 8
344 667 7
543 381 6
44 53 3
152 790 3
208 563 9
71 479 2
794 34 2
128 910 9
114 47 8
213 9 9
933 352 6
571 894 8
36 289 2
388 792 3
121 999 5
451 421 5
152 215 10
673 694 10
134 807 8
821 372 8
21 304 1
536 874 7
135 909 5
786 648 9
579 120 7
285 570 10
822 73 4
391 746 9
870 231 8
99 403 9
688 423 2
629 311 5
167 445 3
993 583 10
611 513 2
580 149 1
969 970 4
924 361 1
572 582 1
379 33 3
557 720 7
38 700 7
744 866 4
358 859 6
620 469 8
1 48 6
951 16 8
326 939 8
798 863 9
500 241 3
252 150 3
779 539 2
967 283 10
600 640 8
167 259 6
246 259 6
474 562 3
671 239 2
228 37 4
718 536 6
241 140 7
835 270 6
128 236 8
287 188 9
304 354 8
142 600 8
379 73 1
631 743 10
822 322 8
227 391 3
225 983 4
371 817 3
408 945 1
727 583 10
686 887 3
255 380 4
82 758 6
823 388 10
154 562 3
521 140 4
775 364 6
169 87 5
183 494 1
785 221 3
574 906 9
69 512 10
162 593 7
680 767 7
291 920 8
224 440 7
547 567 3
852 735 9
678 269 4
448 406 4
801 331 1
391 399 2
361 913 7
439 944 3
905 234 3
932 457 4
451 3 10
333 207 6
301 236 7
466 684 2
500 484 4
142 874 5
944 234 7
690 25 2
554 929 5
338 213 4
562 663 6
703 347 4
931 647 10
427 464 5
680 963 8
263 105 3
949 400 9
547 441 3
88 994 1
863 332 3
446 245 7
383 947 3
879 229 1
610 655 5
24 686 9
273 301 3
395 249 4
103 796 4
835 235 8
848 97 1
72 894 5
959 629 3
543 859 2
774 468 8
820 843 4
828 115 6
293 509 6
156 964 3
812 798 8
109 997 4
441 69 10
665 379 8
187 921 6
290 46 5
48 865 7
843 45 3
290 337 3
985 844 8
828 655 6
905 115 4
430 555 2
849 571 10
248 110 1
505 399 6
581 798 3
499 992 7
531 281 3
776 266 8
983 93 3
340 349 9
694 778 4
115 979 6
267 226 5
339 83 6
456 663 3
438 162 5
464 692 5
178 819 2
736 802 6
300 493 4
978 186 2
563 653 10
71 271 5
335 609 9
350 64 2
515 854 3
671 317 6
107 847 5
161 934 8
306 585 10
800 914 6
71 829 10
320 899 10
146 233 8
55 935 3
626 801 6
710 823 5
485 929 1
79 89 6
178 395 10
418 546 5
195 616 3
624 287 1
675 784 6
334 838 10
56 815 2
632 524 4
876 361 4
318 791 5
45 969 1
356 738 6
580 932 3
633 907 9
583 581 2
118 914 2
939 321 8
912 952 2
707 179 4
783 848 4
299 892 4
209 247 1
16 827 2
790 811 10
498 393 10
341 863 5
22 153 6
870 417 9
593 123 8
28 257 7
901 555 9
95 115 7
25 130 5
239 919 5
358 768 10
410 109 4
374 482 8
11 703 4
600 647 9
719 674 5
685 575 10
543 21 4
352 397 6
986 987 6
431 697 6
972 106 6
375 831 7
282 842 2
606 441 8
404 511 2
810 195 8
419 90 10
495 441 6
52 778 5
527 208 1
122 179 8
177 905 8
66 187 1
657 144 3
246 899 3
509 708 8
346 479 7
907 325 9
513 376 6
809 254 6
449 728 6
546 256 1
825 673 9
946 681 2
858 927 2
281 435 9
898 133 9
956 39 3
806 903 10
433 711 4
268 511 3
986 56 8
256 881 3
416 178 3
719 35 9
920 315 4
828 564 8
919 871 6
981 28 9
123 461 9
518 728 10
640 713 7
369 320 9
771 87 6
206 805 3
214 724 7
9 904 3
936 822 5
902 154 3
122 276 3
700 793 2
141 784 5
638 505 6
718 627 3
976 832 7
268 398 3
226 758 6
748 694 7
845 947 10
617 68 8
201 119 2
512 260 8
888 249 2
936 318 10
718 293 4
656 560 1
318 786 8
235 885 3
621 729 9
513 697 8
680 897 9
343 409 10
790 648 10
93 583 7
23 300 10
136 308 1
998 977 6
265 212 3
578 184 1
188 696 10
218 727 6
366 70 6
125 211 4
836 304 6
512 678 8
833 813 7
714 162 3
731 426 6
633 355 10
616 895 7
295 112 6
870 829 7
558 305 7
541 140 2
458 651 9
675 484 3
551 549 4
756 279 2
171 912 6
122 879 2
769 173 3
494 394 1
992 951 7
348 843 6
712 301 9
400 327 2
605 878 2
618 633 10
761 155 3
907 277 1
298 45 5
153 890 9
835 881 1
822 580 4
947 291 6
75 43 2
38 647 9
549 616 3
691 377 8
743 635 4
26 284 10
480 436 1
680 623 1
831 444 2
176 742 3
821 169 5
144 206 3
345 107 8
177 149 4
516 243 10
131 268 4
790 100 1
690 779 3
822 961 8
534 136 10
888 308 8
284 452 5
326 148 3
335 676 1
369 192 4
740 674 3
43 816 2
134 857 1
198 679 3
706 564 9
307 451 8
76 86 1
402 411 8
835 97 6
767 817 7
942 557 2
385 599 7
926 84 4
598 634 2
583 339 7
703 997 9
130 72 4
713 473 6
442 659 2
847 778 9
795 719 5
417 103 5
853 381 1
146 330 4
469 912 4
355 614 10
43 96 3
168 808 7
703 249 6
687 96 5
135 242 3
491 658 8
797 511 10
187 8 9
210 829 3
275 183 6
984 578 3
116 97 10
73 800 1
40 486 8
784 972 9
598 814 7
515 610 9
516 149 8
495 358 6
89 633 1
944 968 8
599 84 6
708 508 5
770 899 2
927 34 5
326 631 8
734 498 10
4 13 8
281 859 5
387 947 9
27 243 9
596 841 4
261 548 1
78 318 1
379 596 4
356 273 4
793 6 1
192 361 6
739 642 4
996 28 1
236 54 3
796 1 3
439 261 2
941 338 1
341 69 7
774 424 9
190 216 7
102 760 7
27 850 8
811 197 7
893 785 2
865 580 2
29 19 5
740 959 2
473 652 10
449 425 5
49 966 3
7 68 2
326 94 3
285 904 10
272 796 4
15 12 5
759 40 3
763 132 4
104 604 7
866 404 1
50 804 9
802 163 6
665 488 9
378 772 5
639 395 2
684 762 6
308 520 7
303 282 8
256 737 3
212 602 8
944 4 4
994 157 6
759 822 5
970 551 8
436 189 3
697 224 6
674 531 5
691 833 6
190 440 4
645 3 6
502 299 1
867 292 7
42 403 10
56 372 10
194 807 10
78 855 3
723 529 4
239 571 8
36 760 10
569 404 4
56 258 4
546 124 8
545 518 10
364 573 3
734 118 9
643 547 5
128 621 5
143 859 5
342 246 5
981 815 10
327 870 9
970 768 3
609 312 2
298 675 4
62 760 4
280 403 10
57 882 3
361 24 3
588 365 9
222 346 3
963 24 4
962 345 1
436 954 4
427 251 9
342 665 8
727 944 2
659 352 3
211 713 6
973 300 3
981 873 10
155 187 3
551 500 7
361 287 10
187 65 3
335 407 7
594 485 2
608 143 6
150 705 10
68 678 1
350 10 3
329 517 1
683 67 3
29 779 9
681 965 4
935 651 2
853 245 8
66 204 1
631 705 5
260 124 4
540 473 4
44 153 10
735 187 6
629 568 6
457 248 1
702 534 1
705 386 7
193 451 10
175 434 5
509 693 8
225 233 3
598 628 7
839 714 4
146 342 3
231 151 2
633 204 5
334 909 2
982 453 4
482 979 7
38 839 2
717 63 6
221 12 3
230 850 7
425 347 8
187 930 10
548 562 4
794 247 4
777 229 8
210 62 6
429 99 4
340 167 7
835 740 8
309 969 10
145 393 6
675 931 5
354 478 9
237 623 5
380 399 3
327 608 4
252 388 4
368 727 3
194 913 2
383 222 10
422 366 4
160 392 4
826 746 3
54 982 5
529 714 3
583 392 2
699 996 10
912 363 8
996 556 1
467 290 4
258 64 1
441 223 3
906 400 8
848 454 1
764 334 6
726 268 8
1000 966 3
309 230 5
696 225 2
348 692 1
573 301 4
164 94 8
498 999 8
225 199 3
637 962 6
763 40 3
280 39 1
144 699 10
18 746 4
799 94 5
221 18 8
707 181 1
414 678 9
873 254 9
785 891 3
382 5 4
247 636 4
77 779 2
136 796 9
419 946 4
746 518 2
373 224 2
445 990 2
515 214 5
784 999 7
718 380 3
691 978 8
54 54 6
467 189 3
625 960 10
229 57 8
850 781 3
651 225 4
834 739 8
919 874 8
597 591 7
280 281 5
597 334 10
45 800 1
639 777 2
179 5 8
588 854 8
220 856 4
546 690 2
733 960 8
270 556 8
538 187 9
784 136 4
436 180 6
276 170 2
427 348 6
986 935 1
325 507 6
888 52 7
541 136 6
68 757 4
538 294 2
936 430 7
371 865 8
606 492 8
969 270 5
336 255 2
556 579 8
984 818 1
100 710 6
528 778 4
863 667 7
384 602 8
41 324 4
580 282 5
937 250 4
994 586 10
337 493 8
186 476 7
86 576 7
473 455 6
616 317 2
404 700 5
622 92 8
407 672 1
684 960 1
877 305 8
29 993 10
758 178 6
305 263 3
561 87 7
298 702 3
349 106 4
705 79 6
384 837 9
345 520 10
555 749 7
702 777 9
693 534 7
808 190 1
850 750 8
698 399 1
510 747 8
726 803 8
681 187 5
11 531 4
652 437 4
598 138 10
889 182 6
357 990 5
87 191 7
256 889 5
127 750 4
454 475 8
212 507 4
158 869 4
271 521 10
837 470 9
178 710 1
53 66 2
470 153 4
988 408 2
552 534 4
567 340 8
385 551 5
740 708 5
274 330 7
595 518 7
406 696 8
46 748 4
379 569 8
902 556 5
666 460 1
179 378 2
166 762 4
12 854 3
79 127 4
665 73 2
73 478 7
191 875 4
374 253 5
61 507 10
507 172 9
839 702 7
510 219 10
83 583 3
715 661 1
29 325 6
860 398 3
386 588 10
11 313 2
205 373 10
307 879 3
515 718 4
453 579 3
505 662 7
409 376 7
792 756 3
247 615 10
531 352 9
690 363 1
454 919 5
723 225 4
516 92 3
361 896 1
425 400 4
71 161 10
377 952 5
360 198 2
91 728 3
410 418 7
392 223 8
747 945 4
332 812 5
634 525 3
866 949 4
760 20 4
381 748 7
757 459 4
748 550 4
443 311 3
499 702 5
826 448 1
82 779 3
428 764 7
670 630 7
664 741 6
169 121 6
626 229 4
631 977 5
716 419 5
218 269 7
294 447 6
315 528 5
499 955 10
207 977 1
863 640 1
891 160 3
18 137 2
251 768 10
386 483 10
830 53 8
328 346 4
274 12 3
350 862 10
189 420 6
10 283 7
922 525 6
955 542 3
568 144 2
157 529 4
516 711 8
495 390 4
921 15 7
873 364 1
132 905 10
719 266 4
945 187 8
331 493 1
205 412 5
846 568 5
321 435 7
849 282 7
74 202 3
662 426 9
112 910 3
982 628 10
485 573 6
513 255 1
785 811 2
201 656 2
146 328 8
504 176 9
252 601 10
15 263 8
493 374 7
227 355 6
578 840 10
115 704 6
145 488 6
939 41 3
300 186 1
447 41 8
876 293 9
857 659 1
264 503 4
932 81 1
580 658 10
799 772 5
977 917 4
612 207 4
255 506 1
577 304 2
74 531 4
524 388 4
236 3 6
970 287 6
762 866 3
393 16 4
727 992 2
900 956 10
114 562 5
216 138 1
7 563 1
442 87 8
535 322 3
482 643 9
157 756 6
841 148 3
297 874 7
668 126 2
598 591 5
384 806 2
474 813 6
95 606 4
454 141 8
168 974 2
168 131 8
33 971 5
618 267 1
194 287 6
77 236 6
521 971 1
454 797 5
949 243 1
235 696 3
842 864 8
795 31 8
152 416 1
9 33 9
739 578 7
946 654 4
743 526 5
345 979 1
760 279 3
132 513 10
996 706 5
833 501 8
153 4 5
443 364 9
703 454 6
250 399 1
383 141 6
487 486 4
739 597 2
233 80 7
423 75 4
179 259 4
318 411 10
872 205 3
810 908 7
677 157 7
197 539 8
242 378 5
617 468 1
271 701 10
789 475 6
12 5 4
88 323 7
167 194 1
961 356 10
209 32 6
856 229 7
995 822 6
619 791 3
191 61 5
842 849 9
919 212 4
254 299 6
1000 465 1
303 426 6
512 986 8
230 841 8
838 835 1
823 805 1
627 347 3
132 540 1
110 458 5
445 712 3
102 63 8
953 717 5
510 229 10
747 810 3
916 647 9
907 821 6
687 447 2
880 930 2
272 392 1
876 836 2
779 290 7
498 242 3
994 103 3
123 850 4
797 765 10
306 23 2
323 710 1
334 941 10
237 212 1
598 440 9
21 218 8
507 67 1
62 60 3
844 534 4
788 331 1
729 988 3
843 310 2
403 995 4
892 232 6
125 181 7
193 553 4
550 412 2
852 473 1
904 668 4
158 807 6
880 888 5
272 730 6
726 132 1
119 375 4
76 499 6
472 43 8
437 944 9
468 795 3
910 51 1
886 208 9
543 87 6
188 710 5
493 435 8
145 906 5
380 981 5
147 805 8
115 241 1
845 61 8
48 970 8
270 855 7
298 750 5
566 937 4
562 781 1
42 278 6
896 9 6
600 156 2
699 622 3
742 466 3
579 865 4
466 486 1
912 784 10
796 701 8
389 262 10
769 303 7
406 550 8
24 502 3
445 200 4
107 941 1
181 519 8
577 984 3
179 895 8
178 42 8
817 431 2
236 551 4
285 957 6
342 980 7
906 424 6
91 883 9
741 415 7
960 343 3
313 521 9
152 698 1
340 866 3
141 102 5
596 738 1
953 79 2
459 336 8
517 426 2
515 518 6
383 478 9
235 790 1
686 941 1
178 632 6
452 124 7
276 72 6
409 24 4
520 483 9
759 351 6
880 865 4
768 247 1
998 834 2
748 871 4
548 48 6
214 499 1
332 126 2
188 534 6
473 54 10
94 164 2
139 44 6
702 811 4
742 160 9
275 907 9
749 807 8
854 20 8
434 703 4
438 890 7
465 715 2
326 808 6
537 298 9
612 1000 1
637 93 10
496 368 8
576 116 4
56 321 5
33 106 8
136 543 9
125 7 3
518 332 2
723 868 10
323 831 1
85 468 5
654 315 4
834 242 1
467 297 1
472 682 7
531 169 9
479 293 8
494 811 9
667 885 9
138 208 9
608 292 8
875 298 4
508 483 6
609 949 4
381 772 5
907 302 4
328 133 8
755 626 8
865 292 5
843 430 2
4 389 5
983 263 4
277 123 6
164 731 7
347 111 8
564 370 2
597 49 4
626 803 9
114 19 2
190 214 1
121 569 10
47 551 4
271 179 6
328 694 8
334 393 9
464 956 10
895 904 8
458 529 2
998 994 10
829 183 5
442 655 3
443 702 6
706 324 4
444 651 8
911 337 10
841 800 7
140 694 10
487 503 10
988 852 4
860 32 8
944 473 3
597 267 6
152 325 9
237 768 1
16 678 7
835 871 8
313 10 3
342 497 5
252 836 8
507 695 10
944 991 4
388 587 1
533 90 5
353 678 4
824 694 3
982 880 3
940 193 3
294 886 1
151 489 6
858 347 3
949 291 3
513 678 1
695 563 2
201 915 9
474 90 4
776 424 4
301 363 8
483 8 3
513 158 4
730 16 10
642 316 2
896 180 2
736 874 4
17 426 8
328 251 10
331 379 3
566 679 7
993 161 4
658 25 2
811 754 9
662 748 4
804 643 6
975 731 1
708 747 7
707 426 7
148 757 5
660 674 5
886 667 5
472 676 1
215 838 5
973 499 4
398 302 6
3 628 6
834 335 5
442 394 2
948 541 10
185 553 4
99 790 2
526 261 7
976 475 4
532 799 4
835 197 6
133 551 3
160 736 10
286 177 5
838 477 7
497 13 1
830 463 1
533 340 1
559 316 8
774 199 6
488 386 4
855 870 7
849 29 2
178 667 1
604 504 9
923 352 1
793 534 5
453 66 5
726 977 2
825 750 2
370 589 7
816 443 6
164 292 7
247 821 5
507 777 8
947 699 1
399 491 4
314 944 2
920 21 8
193 845 9
664 566 8
873 381 2
950 896 5
56 143 8
532 649 4
159 596 2
842 994 2
57 659 7
338 578 7
947 770 3
306 786 9
605 658 1
698 607 7
83 15 9
640 546 9
973 57 6
356 250 10
877 306 10
46 644 8
234 590 9
267 247 6
217 203 3
547 901 2
125 335 8
493 974 5
214 298 1
529 653 10
838 881 8
510 278 1
759 512 2
777 778 1
285 346 3
449 892 5
220 17 9
709 861 4
744 74 3
186 955 5
878 144 8
875 653 5
867 411 6
448 540 5
980 824 10
715 272 4
349 844 2
670 552 4
963 295 10
906 481 4
852 358 7
31 232 10
136 98 2
103 897 1
200 229 4
641 943 8
326 291 1
27 960 4
293 275 1
632 180 1
277 383 10
713 414 3
154 901 2
6 3 10
396 554 8
962 195 10
151 520 1
183 899 2
766 191 6
996 174 7
58 450 10
829 162 5
831 668 5
282 673 9
982 420 3
261 733 9
131 883 8
643 65 8
114 183 10
212 530 3
488 588 2
499 416 6
923 599 3
247 232 7
926 213 6
158 474 9
936 956 3
585 598 10
485 711 2
574 274 3
837 762 10
900 260 8
477 183 8
721 429 9
637 706 4
325 215 7
745 150 4
47 87 1
766 923 3
19 496 7
802 684 8
523 936 9
660 412 1
99 133 2
418 121 7
301 797 2
9 541 3
672 588 1
932 705 3
254 724 1
202 525 4
911 47 1
880 59 3
382 157 7
313 574 9
302 226 6
505 234 6
209 905 5
1000 836 10
64 442 5
624 995 9
220 906 7
102 785 7
44 166 6
822 831 1
73 484 7
120 988 10
707 196 5
882 547 2
113 963 5
67 938 10
545 157 7
773 259 1
60 654 8
207 828 10
927 252 3
873 371 2
405 77 8
489 310 6
112 422 8
177 488 6
588 384 4
904 157 4
356 568 10
325 126 9
125 52 10
759 277 2
381 681 8
550 521 8
265 632 1
295 160 9
262 99 4
737 2 2
823 709 9
914 34 6
832 510 8
353 268 6
596 648 6
563 197 6
192 814 9
243 460 9
133 721 7
406 809 1
188 631 9
888 544 4
714 727 3
943 431 1
448 26 8
985 589 7
42 132 10
730 726 9
930 858 1
229 616 9
529 803 2
889 42 5
283 755 4
537 49 4
707 496 10
877 832 10
243 873 3
774 603 9
412 532 8
474 112 5
992 640 9
845 881 1
890 515 7
365 51 6
918 110 3
497 986 5
368 580 7
371 353 1
99 116 5
388 589 6
293 932 8
351 129 8
803 18 4
10 734 6
265 651 5
719 500 2
653 867 1
812 237 5
924 687 2
568 427 2
324 71 4
71 773 2
50 576 1
895 585 6
790 201 6
147 271 5
840 276 4
113 87 2
737 10 9
829 930 7
860 253 7
175 675 9
618 76 4
430 970 10
975 111 2
523 609 3
217 449 8
482 561 6
984 297 5
172 477 4
490 689 8
526 863 4
686 833 9
422 262 10
741 589 3
965 111 1
107 679 9
524 161 9
379 144 8
595 667 6
741 156 4
490 33 7
914 718 1
412 491 2
584 584 2
866 548 2
108 654 1
447 529 1
697 259 6
596 853 2
972 945 9
35 435 1
313 348 10
423 111 1
147 694 4
458 911 1
232 19 6
332 817 6
944 865 4
699 461 8
120 432 3
48 818 9
360 483 8
389 905 8
261 403 4
364 213 6
366 444 6
373 127 2
908 70 9
701 768 9
699 239 2
993 286 1
73 997 3
500 385 8
37 646 2
620 361 4
818 727 9
33 99 5
417 359 4
665 59 1
373 109 1
216 453 6
876 525 4
371 24 9
770 61 6
571 32 6
937 849 4
745 234 5
680 650 3
35 314 3
158 38 2
518 605 6
516 832 1
509 202 4
887 971 6
614 542 10
702 830 10
515 574 3
131 605 2
105 640 5
138 797 4
631 314 8
576 829 10
398 690 1
892 928 2
149 542 5
438 243 6
928 109 9
650 592 6
374 696 5
410 185 3
484 167 8
161 743 9
670 492 8
733 735 5
414 884 8
340 321 10
95 600 1
775 602 2
60 975 7
336 736 4
760 219 10
498 380 4
416 401 6
375 133 10
261 898 3
689 237 6
710 683 7
840 458 10
913 869 4
682 205 2
635 316 10
754 813 1
320 580 2
25 954 6
816 215 4
491 255 2
838 964 5
784 804 4
684 68 4
909 749 10
870 383 6
402 489 8
312 808 8
975 184 3
771 999 9
816 841 3
97 678 7
413 462 2
538 497 1
532 757 10
81 979 4
946 380 2
624 691 1
233 666 4
147 788 5
276 603 5
10 51 5
708 464 8
561 353 4
482 884 2
151 965 10
554 262 9
798 237 10
848 821 7
434 968 4
370 595 8
146 604 8
600 312 1
867 872 6
982 705 9
854 855 5
703 761 9
284 558 5
203 757 6
491 542 5
566 911 9
243 409 4
970 8 7
513 227 1
408 208 5
538 413 10
633 468 10
341 751 9
637 305 5
402 147 7
838 712 9
516 954 7
502 923 7
798 787 5
318 194 4
543 732 7
622 716 6
813 56 6
561 692 2
417 446 8
815 283 9
476 151 2
192 652 6
620 449 3
274 119 8
488 661 9
466 634 6
911 446 1
458 358 5
309 126 2
306 941 6
366 416 6
379 959 9
314 931 8
388 204 6
8 43 8
6 860 1
72 770 8
544 227 7
60 887 2
21 192 4
617 557 1
714 935 10
463 601 2
660 340 7
327 347 10
654 705 9
966 128 1
723 23 9
189 83 6
132 455 9
16 71 8
18 785 4
627 599 6
870 610 6
317 936 2
158 941 8
858 906 5
328 980 8
729 520 2
664 651 6
494 18 9
881 36 5
555 14 3
532 884 2
497 200 9
161 357 1
880 214 8
375 894 7
244 622 6
547 637 8
952 130 6
780 363 1
96 269 6
658 800 9
181 297 10
639 809 8
389 688 2
396 414 7
734 657 8
239 203 6
99 507 5
624 638 7
536 734 5
813 391 7
622 924 3
333 562 3
401 303 10
34 698 6
560 432 2
59 22 7
194 472 5
810 95 2
789 982 5
35 795 8
81 768 1
775 100 4
629 500 6
819 885 6
774 444 7
737 854 10
255 399 2
279 209 8
293 349 2
687 735 6
176 816 5
236 942 6
562 571 6
837 741 2
162 866 6
270 602 1
752 209 10
705 839 10
752 131 8
485 818 2
12 345 9
306 933 1
52 494 3
649 330 3
130 844 8
407 113 1
538 864 9
419 920 8
508 672 8
297 156 7
468 168 4
159 825 6
791 228 9
993 876 10
287 358 3
94 764 8
206 653 3
175 71 3
334 930 6
623 226 3
82 46 2
885 204 7
620 346 4
200 338 2
109 976 9
214 69 4
783 274 9
215 800 9
919 485 9
294 108 4
529 189 1
930 425 4
508 44 9
314 595 8
995 55 3
385 268 3
890 50 9
48 617 10
629 535 5
787 181 2
522 709 2
303 990 6
638 498 1
319 811 5
688 157 9
33 893 9
797 782 10
835 182 8
25 810 5
51 948 5
184 821 5
505 475 6
602 113 3
94 783 5
828 822 3
968 854 5
728 3 9
538 837 10
315 213 9
979 263 6
175 446 8
431 302 3
677 255 5
771 348 9
676 527 10
440 495 6
97 222 8
535 111 6
154 778 1
934 108 5
661 283 3
208 65 4
230 741 9
716 512 8
984 539 5
426 978 1
73 74 2
370 960 5
207 465 2
257 398 9
922 410 3
384 970 8
499 551 10
517 267 3
587 602 1
831 379 1
921 451 6
584 172 6
358 379 10
261 635 10
272 556 1
564 291 10
273 790 1
723 658 9
387 244 10
238 74 1
770 346 1
375 930 3
940 639 1
322 900 7
453 171 3
993 86 5
503 359 4
915 433 4
593 819 7
224 408 3
234 529 8
695 904 9
679 195 8
689 868 7
685 320 7
589 313 4
784 815 2
119 81 6
112 673 7
349 248 6
363 482 5
370 528 8
659 206 4
586 894 2
764 930 1
112 519 3
545 654 9
689 772 9
264 236 3
362 936 1
868 298 4
902 19 1
191 677 6
674 614 1
377 377 10
48 840 10
382 385 3
531 73 7
111 688 2
716 50 7
216 269 6
549 170 4
761 712 1
826 737 6
136 114 5
727 513 4
837 894 10
951 776 2
837 887 2
310 602 3
718 169 1
423 69 2
147 829 3
899 6 1
264 493 4
710 219 6
996 55 10
665 6 5
759 194 3
540 504 6
722 221 6
524 644 6
495 142 6
529 40 1
299 655 3
183 365 2
930 360 8
219 376 3
636 134 7
290 673 2
898 746 2
673 269 7
869 115 8
244 643 9
977 942 4
849 476 10
292 405 1
790 976 6
644 963 10
340 252 4
891 149 2
15 174 2
781 394 7
41 989 1
339 965 4
644 166 9
665 457 6
45 598 1
153 242 5
394 933 8
659 176 9
670 190 2
654 322 7
752 714 5
492 405 10
526 400 7
34 65 5
651 461 5
891 613 6
797 6 10
955 665 5
613 686 6
796 339 8
372 90 3
936 582 7
817 459 7
215 844 3
70 495 3
874 737 6
271 534 3
600 840 7
105 452 5
502 247 3
221 618 5
654 905 8
842 722 6
430 936 9
82 357 5
195 582 2
272 852 7
354 452 6
453 908 7
237 409 5
711 630 4
275 635 8
772 476 1
79 906 9
230 339 5
874 885 7
607 508 10
873 862 3
330 666 10
238 254 1
392 964 2
867 239 8
895 362 5
347 441 2
735 22 1
832 895 7
510 502 5
391 726 8
724 56 3
315 293 6
667 37 9
1000 903 9
967 149 3
762 496 5
813 582 6
203 413 10
182 274 3
316 665 9
663 388 6
675 54 8
292 721 6
520 720 9
691 687 7
223 448 4
899 612 6
244 167 8
835 348 4
928 663 8
98 325 7
323 351 10
192 642 10
98 513 2
258 555 8
214 129 7
18 27 8
403 622 4
552 457 3
327 736 5
766 833 1
592 507 3
824 698 6
775 147 1
446 404 5
803 618 6
311 987 2
431 741 6
364 644 4
349 971 9
643 736 3
966 680 9
990 503 6
656 277 3
186 75 6
622 229 5
187 540 3
131 970 5
696 685 9
69 33 9
529 28 6
821 345 5
619 334 9
466 989 8
460 526 2
858 148 10
224 686 1
577 816 2
21 863 7
461 283 1
871 163 10
17 983 4
193 953 8
224 419 8
531 230 4
264 87 3
225 311 8
78 239 6
899 259 10
757 72 5
648 942 7
917 958 2
883 503 4
830 726 4
117 608 4
930 871 10
242 447 2
592 524 10
757 423 1
136 179 2
150 178 3
679 447 3
190 329 5
653 158 2
239 626 9
702 908 1
251 501 9
463 92 3
912 200 7
972 336 7
455 837 5
528 867 1
910 56 9
794 61 8
107 299 3
675 1000 10
817 602 1
405 416 4
869 680 4
755 3 1
